  0.83400D+00 0.00000D+00 0.83400D+00 0.36282D+00     0
  0.80381D+00 0.30432D-01 0.83424D+00 0.47808D+00     1
  0.76120D+00 0.74347D-01 0.83555D+00 0.74663D+00     2
  0.74236D+00 0.98201D-01 0.84056D+00 0.10586D+01     3
  0.70662D+00 0.13815D+00 0.84477D+00 0.90106D+00     4
  0.70238D+00 0.14832D+00 0.85070D+00 0.56157D+00     5
  0.72468D+00 0.11336D+00 0.83804D+00 0.44730D+00     6
  0.73885D+00 0.10077D+00 0.83962D+00 0.53150D+00     7
  0.77775D+00 0.64017D-01 0.84177D+00 0.79386D+00     8
  0.82552D+00 0.13217D-01 0.83873D+00 0.89867D+00     9
