  0.00000D+00 0.00000D+00 0.00000D+00 0.83400D+00 0.00000D+00 0.83400D+00     0
  0.15014D-01 0.77021D-02 0.22716D-01 0.78879D+00 0.22730D-01 0.81152D+00     1
  0.65246D-01 0.31680D-01 0.96927D-01 0.69595D+00 0.42667D-01 0.73862D+00     2
  0.13029D+00 0.78106D-01 0.20839D+00 0.61208D+00 0.20094D-01 0.63217D+00     3
  0.84240D-01 0.12468D+00 0.20892D+00 0.62238D+00 0.13465D-01 0.63584D+00     4
  0.12369D-01 0.12788D+00 0.14024D+00 0.69001D+00 0.20445D-01 0.71045D+00     5
 -0.84835D-02 0.10770D+00 0.99214D-01 0.73316D+00 0.56594D-02 0.73882D+00     6
  0.87908D-02 0.86525D-01 0.95316D-01 0.73006D+00 0.14240D-01 0.74430D+00     7
  0.79734D-01 0.45608D-01 0.12534D+00 0.69802D+00 0.18409D-01 0.71642D+00     8
  0.13757D+00 0.92351D-02 0.14680D+00 0.68795D+00 0.39822D-02 0.69193D+00     9
